fp_targeter(12,'STD_SCHW',1,400,'bare')

counter =

     1


u =

     0


v =

         0.333333333333333

Rbar_nom =

          11.9903933425668


Rsigma_nom =

       0.00645899559565579

Rbar_du =

          11.9906901250132


Rsigma_du =

       0.00729113357900598

Rbar_dv =

          12.0018383204605


Rsigma_dv =

        0.0012384903489553


M =

          2.96782446408628          114.449778937402
          8.32137983350185         -52.2050524670049


diff =

      -0.00960665743319211
       0.00645899559565579


corrs =

     -0.000214676449202659
     8.95045804902929e-005


vel =

     -0.000214676449202659
         0.333422837913824


du =

      0.000107338224601329


dv =

     4.47522902451464e-005


counter =

     2


u =

     -0.000214676449202659


v =

         0.333422837913824

Rbar_nom =

          11.9999914281991


Rsigma_nom =

       0.00645647888675732

Rbar_du =

          12.0003007397939


Rsigma_du =

       0.00326817219942754

Rbar_dv =

           12.005104564793


Rsigma_dv =

        0.0077020686141739


M =

          2.88165372547499          114.254188242656
          -29.703367082618          27.8329828617355


diff =

    -8.57180092594945e-006
       0.00645647888675732


corrs =

      0.000212415447976751
    -5.28239686761317e-006


vel =

    -2.26100122590833e-006
         0.333417555516956


du =

      0.000106207723988375


dv =

     2.64119843380659e-006


counter =

     3


u =

    -2.26100122590833e-006


v =

         0.333417555516956

Rbar_nom =

          11.9999846573094


Rsigma_nom =

     7.80445983080476e-005

Rbar_du =

           12.000316288823


Rsigma_du =

        0.0030936310793899

Rbar_dv =

          12.0002898765302


Rsigma_dv =

       0.00023653895217707


M =

          3.12248018434798          115.560882113244
          28.3932878687045          60.0084991117442


diff =

    -1.53426906237542e-005
     7.80445983080476e-005


corrs =

    -3.21276908805471e-006
     2.19576884271486e-007


vel =

    -5.47377031396304e-006
          0.33341777509384


du =

     1.60638454402735e-006


dv =

     1.09788442135743e-007


counter =

     4


u =

    -5.47377031396304e-006


v =

          0.33341777509384

Rbar_nom =

          12.0000065090494


Rsigma_nom =

      0.000174888872957484

Rbar_du =

          12.0000074712631


Rsigma_du =

      0.000127608284953534

Rbar_dv =

          12.0000170363834


Rsigma_dv =

      0.000176428550695541


M =

           0.5989933790285           95.887452952541
         -29.4329201434007          14.0240421314401


diff =

     6.50904936705388e-006
      0.000174888872957484


corrs =

     5.89206608435595e-006
    -1.04688962228978e-007


vel =

     4.18295770392914e-007
         0.333417670404878


du =

     2.94603304217797e-006


dv =

      5.2344481114489e-008


counter =

     5


u =

     4.18295770392914e-007


v =

         0.333417670404878

Rbar_nom =

          12.0000093208427


Rsigma_nom =

     3.43845967376086e-005

Rbar_du =

          12.0000228967648


Rsigma_du =

     9.87705498812213e-005

Rbar_dv =

          12.0000159816033


Rsigma_dv =

     3.69353819959705e-005


M =

          4.60820427987835          127.248573712665
          21.8551361175545          48.7307392116997


diff =

       9.320842703886e-006
     3.43845967376086e-005


corrs =

    -1.53382346166185e-006
    -1.77029164064715e-008


vel =

    -1.11552769126894e-006
         0.333417652701962


du =

     7.66911730830926e-007


dv =

     8.85145820323574e-009


counter =

     6


u =

    -1.11552769126894e-006


v =

         0.333417652701962

Rbar_nom =

          12.0000015614158


Rsigma_nom =

     4.90493621982962e-005

Rbar_du =

           12.000006741555


Rsigma_du =

     3.50275799975127e-005

Rbar_dv =

          12.0000027724331


Rsigma_dv =

     4.94452950972458e-005


M =

          6.75454423009108          136.815572550006
         -18.2834368507981          44.7308104335767


diff =

     1.56141575402557e-006
     4.90493621982962e-005


corrs =

     2.36869908089795e-006
    -1.28354529652013e-007


vel =

     1.25317138962901e-006
         0.333417524347432


du =

     1.18434954044898e-006


dv =

     6.41772648260064e-008

fp_targeter(12,'STD_SCHW',1,400,'bare')

counter =

     1


u =

     0


v =

         0.333333333333333

Rbar_nom =

          11.9903933425668


Rsigma_nom =

       0.00645899559565579

Rbar_du =

          11.9906901250132


Rsigma_du =

       0.00729113357900598

Rbar_dv =

          12.0018383204605


Rsigma_dv =

        0.0012384903489553


M =

          2.96782446408628          114.449778937402
          8.32137983350185         -52.2050524670049


diff =

      -0.00960665743319211
       0.00645899559565579


corrs =

     -0.000214676449202659
     8.95045804902929e-005


vel =

     -0.000214676449202659
         0.333422837913824


du =

      0.000107338224601329


dv =

     4.47522902451464e-005


counter =

     2


u =

     -0.000214676449202659


v =

         0.333422837913824

Rbar_nom =

          11.9999914281991


Rsigma_nom =

       0.00645647888675732

Rbar_du =

          12.0003007397939


Rsigma_du =

       0.00326817219942754

Rbar_dv =

           12.005104564793


Rsigma_dv =

        0.0077020686141739


M =

          2.88165372547499          114.254188242656
          -29.703367082618          27.8329828617355


diff =

    -8.57180092594945e-006
       0.00645647888675732


corrs =

      0.000212415447976751
    -5.28239686761317e-006


vel =

    -2.26100122590833e-006
         0.333417555516956


du =

      0.000106207723988375


dv =

     2.64119843380659e-006


counter =

     3


u =

    -2.26100122590833e-006


v =

         0.333417555516956

Rbar_nom =

          11.9999846573094


Rsigma_nom =

     7.80445983080476e-005

Rbar_du =

           12.000316288823


Rsigma_du =

        0.0030936310793899

Rbar_dv =

          12.0002898765302


Rsigma_dv =

       0.00023653895217707


M =

          3.12248018434798          115.560882113244
          28.3932878687045          60.0084991117442


diff =

    -1.53426906237542e-005
     7.80445983080476e-005


corrs =

    -3.21276908805471e-006
     2.19576884271486e-007


vel =

    -5.47377031396304e-006
          0.33341777509384


du =

     1.60638454402735e-006


dv =

     1.09788442135743e-007


counter =

     4


u =

    -5.47377031396304e-006


v =

          0.33341777509384

Rbar_nom =

          12.0000065090494


Rsigma_nom =

      0.000174888872957484

Rbar_du =

          12.0000074712631


Rsigma_du =

      0.000127608284953534

Rbar_dv =

          12.0000170363834


Rsigma_dv =

      0.000176428550695541


M =

           0.5989933790285           95.887452952541
         -29.4329201434007          14.0240421314401


diff =

     6.50904936705388e-006
      0.000174888872957484


corrs =

     5.89206608435595e-006
    -1.04688962228978e-007


vel =

     4.18295770392914e-007
         0.333417670404878


du =

     2.94603304217797e-006


dv =

      5.2344481114489e-008


counter =

     5


u =

     4.18295770392914e-007


v =

         0.333417670404878

Rbar_nom =

          12.0000093208427


Rsigma_nom =

     3.43845967376086e-005

Rbar_du =

          12.0000228967648


Rsigma_du =

     9.87705498812213e-005

Rbar_dv =

          12.0000159816033


Rsigma_dv =

     3.69353819959705e-005


M =

          4.60820427987835          127.248573712665
          21.8551361175545          48.7307392116997


diff =

       9.320842703886e-006
     3.43845967376086e-005


corrs =

    -1.53382346166185e-006
    -1.77029164064715e-008


vel =

    -1.11552769126894e-006
         0.333417652701962


du =

     7.66911730830926e-007


dv =

     8.85145820323574e-009


counter =

     6


u =

    -1.11552769126894e-006


v =

         0.333417652701962

Rbar_nom =

          12.0000015614158


Rsigma_nom =

     4.90493621982962e-005

